1.629542081589999914e+09 -5.551114999999999755e-17 0.000000000000000000e+00 2.220445999999999902e-16 -0.000000000000000000e+00 -0.000000000000000000e+00 -0.000000000000000000e+00 1.000000000000000000e+00
1.629542081694128275e+09 1.289128000000000062e-03 -1.821615999999999860e-02 1.310643000000000002e+00 6.628702209195375204e-04 1.047590825318245322e-04 -4.518288688445466403e-04 -9.999996727395856766e-01
1.629542081798253536e+09 4.448325999999999734e-04 -4.203318000000000332e-02 2.625299000000000049e+00 9.300872675355462485e-04 2.761446996322192149e-04 -8.234311686707198718e-04 -9.999991903211175037e-01
1.629542081902503729e+09 2.037581000000000114e-03 -6.302800999999999543e-02 3.941730000000000178e+00 2.687194463182982374e-04 3.651518682848964303e-04 -1.706827942129237425e-03 -9.999984405949583488e-01
1.629542082006624699e+09 2.777892000000000122e-03 -8.483760999999999386e-02 5.261016999999999832e+00 4.076433574278280712e-04 3.209597896164373410e-04 -1.817808287884047514e-03 -9.999982131907713123e-01
1.629542082110754728e+09 4.157927999999999971e-03 -1.014677999999999969e-01 6.581637999999999877e+00 8.208986625468193011e-04 2.565013866123733166e-04 -1.962824766627331227e-03 -9.999977038230437598e-01
1.629542082215003490e+09 7.571022000000000168e-03 -1.165873999999999938e-01 7.908775000000000333e+00 1.347796606865461809e-03 2.047845852994889526e-04 -2.752315457442920752e-03 -9.999952831224769856e-01
1.629542082319128275e+09 8.323818000000000189e-03 -1.328034999999999910e-01 9.238962000000000785e+00 1.792290259642506482e-03 2.941342710602867783e-04 -2.592816506754825560e-03 -9.999949892290552755e-01
1.629542082423252344e+09 7.728338999999999868e-03 -1.497649000000000064e-01 1.056963000000000008e+01 9.345467561906055419e-04 4.280724979671690633e-04 -2.315842973101300741e-03 -9.999967901186591623e-01
1.629542082527505636e+09 6.780918000000000362e-03 -1.634547000000000083e-01 1.190426000000000073e+01 -3.916548307818309852e-04 4.804248744033623453e-04 -9.502161209708945809e-04 -9.999993564436713278e-01
1.629542082631629944e+09 3.419394999999999987e-03 -1.767479999999999885e-01 1.324207999999999963e+01 -8.627266361012635339e-04 3.102677532029751717e-04 7.720623178239553134e-04 -9.999992816779670335e-01
1.629542082735874891e+09 -1.862181999999999987e-03 -1.959201999999999888e-01 1.458047999999999966e+01 -7.900938295041930485e-04 2.636749870389420991e-04 1.981490084436558254e-03 -9.999976899594755775e-01
1.629542082840003014e+09 -5.851755000000000151e-03 -2.177601999999999871e-01 1.593065999999999960e+01 -4.369435695386991551e-04 1.923385855467918404e-04 2.594999793593219094e-03 -9.999965190250700298e-01
1.629542082944254875e+09 -4.267715000000000050e-03 -2.364140000000000130e-01 1.728221999999999881e+01 -8.845523768631532438e-04 1.305995770295442782e-05 -1.496559068490944640e-03 9.999984888526007865e-01
1.629542083048400879e+09 4.827890000000000154e-04 -2.537475000000000147e-01 1.863468999999999909e+01 -1.999054691157580495e-03 1.271438390580970079e-04 4.494396395819505972e-04 9.999978928071781015e-01
1.629542083152525902e+09 5.006085999999999869e-03 -2.699100999999999861e-01 1.998669999999999902e+01 9.157306609690579313e-04 1.813017233198710443e-05 -1.819341007863561725e-03 -9.999979255513237186e-01
1.629542083256753922e+09 4.134686000000000264e-03 -2.931092000000000142e-01 2.134127000000000152e+01 -2.766663527494573672e-04 1.167264365442566287e-04 -2.559607517191757071e-03 -9.999966791144988543e-01
1.629542083361006975e+09 -7.654744999999999909e-04 -3.222297000000000078e-01 2.270574999999999832e+01 1.033704112763598028e-03 2.116583748085210104e-04 1.424608206885802060e-03 9.999984285727637756e-01
1.629542083465128899e+09 -7.369324000000000013e-03 -3.468119000000000063e-01 2.407209999999999894e+01 3.829925085992611986e-04 6.227399320943849403e-04 -7.100416945723028446e-05 9.999997302350253081e-01
1.629542083569376945e+09 -9.719264000000000028e-03 -3.687424000000000257e-01 2.544867999999999952e+01 -2.714333991400800193e-03 9.690707601512915659e-04 -7.229506900328612354e-04 9.999955853078276169e-01
1.629542083673501968e+09 -5.061180999999999666e-03 -3.871398999999999813e-01 2.682029999999999959e+01 -2.732037719648011415e-03 1.186051172079594096e-03 5.222076556898251447e-04 9.999954282653897852e-01
1.629542083777758837e+09 1.962273000000000055e-03 -4.099384999999999835e-01 2.819472000000000023e+01 -1.941348065434803701e-03 9.808420516510540921e-04 2.667615516895082209e-03 9.999940764544623661e-01
1.629542083881880999e+09 5.281593000000000225e-03 -4.328976999999999964e-01 2.957011999999999929e+01 -6.556503517021533209e-04 9.943958248407325229e-04 2.965978260534153036e-03 9.999948921232139076e-01
1.629542083986131907e+09 7.939023999999999387e-03 -4.591179000000000232e-01 3.094983999999999824e+01 4.914302526304404955e-04 1.196836403643986024e-03 3.089250293367371610e-03 9.999943912900484122e-01
1.629542084090256929e+09 6.827075999999999631e-03 -4.850132999999999805e-01 3.233530999999999977e+01 6.951310162844883886e-04 1.585645230044452347e-03 1.433237361974838741e-03 9.999974741731797456e-01
1.629542084194382906e+09 8.305167000000000452e-03 -5.122366999999999893e-01 3.371779999999999688e+01 1.751469299441675738e-03 1.783238391722674621e-03 9.614289514662699866e-04 9.999964140288214454e-01
1.629542084298627853e+09 1.017340000000000085e-02 -5.431160000000000432e-01 3.511082999999999998e+01 1.982452225098722213e-03 1.748200575862446371e-03 5.141921062998316885e-04 9.999963746356281824e-01
1.629542084402756929e+09 1.211940000000000066e-02 -5.746232999999999480e-01 3.650789000000000328e+01 8.304398683049123283e-04 1.704086046331543258e-03 4.795644391646225056e-04 9.999980882373326052e-01
1.629542084506880999e+09 1.511477999999999954e-02 -5.999006000000000061e-01 3.790588999999999942e+01 3.036809682597860899e-05 1.493070718812883335e-03 9.452380626954754849e-05 9.999988804408019849e-01
1.629542084611006021e+09 1.696850999999999915e-02 -6.238525999999999794e-01 3.930156000000000205e+01 1.876133172435100205e-04 1.481574064423174519e-03 -1.256992656643921707e-03 9.999980948526832059e-01
1.629542084715255976e+09 1.942949000000000065e-02 -6.437119999999999509e-01 4.070436999999999728e+01 2.767350787523929659e-04 1.551410672953168479e-03 -2.525357717689155710e-03 9.999955695456945737e-01
1.629542084819378853e+09 1.916344000000000034e-02 -6.707246000000000041e-01 4.211099999999999710e+01 1.956541962498979521e-05 1.555605701728968171e-03 -3.601823592488651981e-03 9.999923032578315052e-01
1.629542084923501968e+09 2.134430999999999828e-02 -6.941319999999999713e-01 4.351858000000000004e+01 -1.201750149901158183e-04 1.421324941103363493e-03 -4.154366816904723168e-03 9.999903532683344087e-01
1.629542085027628899e+09 2.622363999999999945e-02 -7.178581000000000545e-01 4.492820999999999998e+01 8.714868744472501893e-05 1.206454586985428179e-03 -3.629779948677169885e-03 9.999926807581942523e-01
1.629542085131753922e+09 3.086035999999999987e-02 -7.390250000000000430e-01 4.634127000000000152e+01 4.009702298498270560e-04 8.617593206271534356e-04 -3.212792040469693040e-03 9.999943872647747423e-01
1.629542085235879898e+09 3.408031000000000255e-02 -7.610314999999999719e-01 4.775704000000000349e+01 3.188650081339789274e-05 3.809035784672065716e-04 -2.900085107821892636e-03 9.999957216918893277e-01
1.629542085340006828e+09 3.359220999999999735e-02 -7.839855999999999492e-01 4.917963000000000306e+01 3.959616683229372062e-04 1.217882086316235402e-04 3.005248625059258553e-03 -9.999953984207583524e-01
1.629542085444130898e+09 3.175531999999999661e-02 -8.056349999999999900e-01 5.060217999999999705e+01 5.242300929120287519e-04 6.536550722393563717e-04 3.324132026782318158e-03 -9.999941240147988131e-01
1.629542085548275948e+09 2.895794999999999966e-02 -8.265407999999999644e-01 5.202830999999999761e+01 3.328820912615748509e-04 1.240852852696261444e-03 3.318734086801204512e-03 -9.999936677188373535e-01
1.629542085652382851e+09 2.536976999999999982e-02 -8.453836000000000128e-01 5.345716000000000179e+01 9.708862710107170292e-04 1.797504320054987836e-03 3.439670823406830273e-03 -9.999919974793272104e-01
1.629542085756505966e+09 2.082938000000000150e-02 -8.668316000000000354e-01 5.488463999999999743e+01 1.454524285063369402e-03 2.197712137174900882e-03 2.745369326659309085e-03 -9.999927586576445870e-01
1.629542085860632896e+09 1.680869999999999934e-02 -8.868800000000000017e-01 5.631660000000000110e+01 1.411498176917711780e-03 2.517124614636934155e-03 1.998017034070199288e-03 -9.999938398232778303e-01
1.629542085964756012e+09 1.322910000000000058e-02 -9.072441999999999451e-01 5.774549999999999983e+01 1.196008085971424564e-03 2.828260088354128676e-03 8.563101479559742874e-04 -9.999949186083204600e-01
1.629542086068883896e+09 1.007535000000000028e-02 -9.249469000000000163e-01 5.917365000000000208e+01 1.416684248752990731e-03 2.865659148429622327e-03 1.834110191408321717e-04 -9.999948736687515050e-01
1.629542086173131943e+09 6.524254999999999638e-03 -9.446035000000000403e-01 6.060318000000000183e+01 1.737149900609379505e-03 2.649673817847641999e-03 -4.228503852258169628e-04 -9.999948913551675034e-01
1.629542086277258873e+09 2.764210000000000018e-03 -9.647483999999999504e-01 6.202794999999999703e+01 2.053400187319873085e-03 2.457060635007946026e-03 -9.344459475373167318e-04 -9.999944365902631027e-01
1.629542086381383896e+09 -1.308242999999999949e-03 -9.878099999999999659e-01 6.345197999999999894e+01 1.838834054703351569e-03 2.240913992973547764e-03 -1.900406961331939067e-03 -9.999939927055446764e-01
1.629542086485504866e+09 -2.873604000000000089e-03 -1.008175000000000043e+00 6.487187000000000126e+01 1.415775743961700814e-03 2.000358965818960222e-03 -2.650947745650094473e-03 -9.999934832883164981e-01
1.629542086589629889e+09 -5.953934000000000136e-03 -1.029700000000000060e+00 6.628940000000000055e+01 1.130247428327556388e-03 1.676854441461927969e-03 -2.612141788704369291e-03 -9.999945436927185627e-01
1.629542086693758011e+09 -1.002030999999999929e-02 -1.050202999999999998e+00 6.770310999999999524e+01 1.160276230849355706e-03 1.274549286959025807e-03 -1.742715243357636275e-03 -9.999969961088703840e-01
1.629542086797868967e+09 -1.936440000000000036e-02 -1.076074999999999893e+00 6.911593000000000586e+01 1.825555382222620497e-03 1.033793302712249229e-03 -3.259560548008643343e-04 -9.999977461832620929e-01
1.629542086901997805e+09 -2.702275000000000163e-02 -1.097831000000000001e+00 7.053000000000000114e+01 2.479488125749625734e-03 6.477198595211675070e-04 1.504833401698179403e-03 -9.999955840272752861e-01
1.629542087006244898e+09 -3.513441999999999954e-02 -1.118230999999999975e+00 7.193977999999999895e+01 2.754526864028696443e-03 2.735437836000054190e-04 3.329244522296898306e-03 -9.999906268993046243e-01
1.629542087110243797e+09 -4.214650000000000341e-02 -1.135987000000000080e+00 7.333986000000000161e+01 -2.556753438781196423e-03 5.368619074241909317e-05 -5.575977568033073893e-03 9.999811841248852362e-01
1.629542087214504957e+09 -4.677589000000000052e-02 -1.153310999999999975e+00 7.474245000000000516e+01 -2.313495814596967185e-03 4.087253212672337099e-04 -7.109601718757609101e-03 9.999719667291320224e-01
1.629542087318632841e+09 -5.327678000000000275e-02 -1.177226000000000106e+00 7.614449999999999363e+01 -2.178505755457808574e-03 7.546752622804575594e-04 -8.184930912098728126e-03 9.999638450883543417e-01
1.629542087422638893e+09 -5.458510999999999919e-02 -1.197942000000000062e+00 7.754079000000000121e+01 -2.243938375538811862e-03 9.231726946274942947e-04 -8.321215319676038974e-03 9.999624342285795553e-01
1.629542087526757002e+09 -5.287324999999999664e-02 -1.218034999999999979e+00 7.893496000000000379e+01 -2.325590179581324846e-03 1.002372443727361784e-03 -7.703545769804181348e-03 9.999671205906586202e-01
1.629542087630888939e+09 -4.954250000000000320e-02 -1.236655000000000060e+00 8.032545000000000357e+01 -1.849233958400640140e-03 9.665441169054433956e-04 -7.120133866051053632e-03 9.999724745311577845e-01
1.629542087735011816e+09 -4.883211999999999969e-02 -1.258286999999999933e+00 8.171094999999999686e+01 -1.785982803776900267e-03 8.265786437077204951e-04 -6.746579068184392972e-03 9.999753050471033022e-01
1.629542087839010000e+09 -4.838806999999999831e-02 -1.278675999999999924e+00 8.309721000000000402e+01 -1.921457542420756210e-03 7.112435236266145822e-04 -6.768616581041897624e-03 9.999749936689125152e-01
1.629542087943135023e+09 -5.269072999999999812e-02 -1.300030999999999937e+00 8.448367000000000360e+01 -1.661843502949136202e-03 4.434072453766146893e-04 -6.540937256769662096e-03 9.999771286414452787e-01
1.629542088047259808e+09 -6.072004000000000290e-02 -1.320244999999999891e+00 8.586562000000000694e+01 -1.841190738436116218e-03 8.115697501764884692e-05 -6.717705811951840862e-03 9.999757376350859595e-01
1.629542088151386023e+09 -7.518041999999999780e-02 -1.343695000000000084e+00 8.725015000000000498e+01 2.196160256306384922e-03 3.870668268162180681e-04 6.526350483768792593e-03 -9.999762166215568904e-01
1.629542088255510807e+09 -8.437619999999999842e-02 -1.362981999999999916e+00 8.862909000000000503e+01 2.724135898680131104e-03 9.538872285740351842e-04 5.462824455588855509e-03 -9.999809131837108511e-01
1.629542088359635830e+09 -9.813228999999999702e-02 -1.382640000000000091e+00 9.000633999999999446e+01 3.081304341798742942e-03 1.556876754504110671e-03 4.390637352418503420e-03 -9.999844018793314637e-01
1.629542088463635921e+09 -1.110474999999999934e-01 -1.399780999999999942e+00 9.137524000000000513e+01 3.164763118315298222e-03 1.866588583780970367e-03 3.395765459090230916e-03 -9.999874843708852490e-01
1.629542088567758799e+09 -1.283351000000000075e-01 -1.418058999999999958e+00 9.274128000000000327e+01 2.826078460118433468e-03 2.102179916449453678e-03 2.748962636461634024e-03 -9.999900186124657253e-01
1.629542088671885014e+09 -1.454602999999999868e-01 -1.435964000000000018e+00 9.410339000000000453e+01 2.567232482687040965e-03 2.239746280799370659e-03 2.135375955968233513e-03 -9.999919164790804782e-01
1.629542088776012897e+09 -1.697047999999999890e-01 -1.456190000000000095e+00 9.546075999999999340e+01 2.375661518107853760e-03 2.308260364288217126e-03 2.465265073557155063e-03 -9.999914752809444529e-01
1.629542088880010843e+09 -1.913409000000000082e-01 -1.476212999999999997e+00 9.681382000000000687e+01 2.029916011123628159e-03 2.248521799203540006e-03 2.364741056205436204e-03 -9.999926157679580596e-01
1.629542088984134912e+09 -2.120314000000000088e-01 -1.496477999999999975e+00 9.816545000000000698e+01 1.691906809165006449e-03 2.127760513754628491e-03 2.727435925255293232e-03 -9.999925855624224313e-01
1.629542089088255882e+09 -2.344055999999999917e-01 -1.517682999999999893e+00 9.951512999999999920e+01 1.755612969290334122e-03 1.944685451757965922e-03 3.527040315522799677e-03 -9.999903479575231735e-01
1.629542089192385912e+09 -2.485715000000000008e-01 -1.534999000000000002e+00 1.008602999999999952e+02 2.443245622287964786e-03 1.822812098733916919e-03 3.760220727129170125e-03 -9.999882842548530881e-01
1.629542089296382904e+09 -2.694020999999999777e-01 -1.556017999999999901e+00 1.022053999999999974e+02 3.222173179376596527e-03 1.743391876718125566e-03 4.411361063942715634e-03 -9.999835589040101391e-01
1.629542089400511026e+09 -2.867601000000000178e-01 -1.575247000000000064e+00 1.035459000000000032e+02 2.567891625710759778e-03 1.717316230947618649e-03 4.146773005528611722e-03 -9.999866304262282624e-01
1.629542089504631996e+09 -3.053255999999999748e-01 -1.596046000000000076e+00 1.048845000000000027e+02 1.246721869621020707e-03 1.674212871950575554e-03 4.084891812976025258e-03 -9.999894781220026729e-01
1.629542089608762980e+09 -3.153954999999999953e-01 -1.613299000000000039e+00 1.062207999999999970e+02 6.587571337714377695e-04 1.696206911777409232e-03 3.815554175859132459e-03 -9.999910651938258566e-01
1.629542089712759972e+09 -3.343086000000000113e-01 -1.638432000000000111e+00 1.075652999999999935e+02 1.312952831301134092e-03 1.623144914483898305e-03 2.750349681715499178e-03 -9.999940385482691818e-01
1.629542089816882849e+09 -3.508130999999999888e-01 -1.661275000000000057e+00 1.089064000000000050e+02 2.370338926514126317e-03 1.316664466332384542e-03 1.567939490108546377e-03 -9.999950947148749103e-01
1.629542089921010971e+09 -3.737761000000000000e-01 -1.686738999999999988e+00 1.102446000000000055e+02 2.702605935528741132e-03 8.568669720755428543e-04 7.784201144722964873e-04 -9.999956778717969952e-01
1.629542090025137901e+09 -3.943149000000000237e-01 -1.710102000000000011e+00 1.115765999999999991e+02 1.980069480999750112e-03 5.007625550708105777e-04 3.370916479629675988e-04 -9.999978574631722683e-01
1.629542090129281998e+09 -4.137128999999999945e-01 -1.733997000000000011e+00 1.129050000000000011e+02 7.781999299181232253e-04 1.678815721457560528e-04 1.290471029508172230e-03 -9.999988504519238264e-01
1.629542090233386993e+09 -4.219683000000000184e-01 -1.753986000000000045e+00 1.142286000000000001e+02 3.219389460888480718e-04 3.748718752850654923e-04 -2.266220560433735657e-03 9.999973100317636199e-01
1.629542090337508917e+09 -4.295899000000000245e-01 -1.775004000000000026e+00 1.155601000000000056e+02 4.336162151606717807e-04 1.082290481376424474e-03 -3.784659402148954008e-03 9.999921584580057088e-01
1.629542090441634893e+09 -4.334779000000000271e-01 -1.794229999999999992e+00 1.168930000000000007e+02 -6.541363339972382186e-04 1.795550414838364972e-03 -4.499591040675989320e-03 9.999880508210240437e-01
1.629542090545763016e+09 -4.334150999999999976e-01 -1.811793999999999905e+00 1.182274000000000029e+02 -1.874171742652901412e-03 2.325174065042179272e-03 -4.544369567504035444e-03 9.999852147662386948e-01
1.629542090649885893e+09 -4.306136999999999881e-01 -1.825846999999999998e+00 1.195613000000000028e+02 -2.223373581010081035e-03 2.715815177085523224e-03 -4.045036033970155799e-03 9.999856592178345549e-01
1.629542090754011869e+09 -4.334145999999999832e-01 -1.846322000000000019e+00 1.209044999999999987e+02 -1.848391810459847030e-03 3.226574050898545210e-03 -4.299614964968214922e-03 9.999838428588545547e-01
1.629542090858134985e+09 -4.472932000000000019e-01 -1.880929000000000073e+00 1.222683999999999997e+02 -1.611804424538153865e-03 3.846357140037892641e-03 -5.181469677398907112e-03 9.999778797529624841e-01
1.629542090962258816e+09 -4.560743999999999909e-01 -1.910029999999999895e+00 1.236242000000000019e+02 -1.426057280873343136e-03 4.416155649639263991e-03 -6.196603308051642535e-03 9.999700325696528891e-01
1.629542091066391945e+09 -4.622549000000000241e-01 -1.940325000000000077e+00 1.249835000000000065e+02 -8.909598858286343816e-04 4.975873974227940089e-03 -6.573300868242761344e-03 9.999656187011480846e-01
1.629542091170512915e+09 -4.641329000000000149e-01 -1.966294999999999904e+00 1.263371000000000066e+02 -6.092573356959911715e-04 5.521357452492825502e-03 -7.119660040950537110e-03 9.999592260978852343e-01
1.629542091274639845e+09 -4.708494999999999764e-01 -2.006025999999999865e+00 1.276924999999999955e+02 -4.738967250440253784e-04 5.975836567317593939e-03 -6.700508453826869298e-03 9.999595831760774711e-01
1.629542091378783941e+09 -4.718093999999999899e-01 -2.038342999999999794e+00 1.290495999999999981e+02 -8.658057972046742179e-04 6.359662868350879350e-03 -6.438048587710043860e-03 9.999586774456759031e-01
1.629542091482887983e+09 -4.742799999999999794e-01 -2.073189000000000171e+00 1.304070000000000107e+02 -1.623817982195996466e-03 6.779315112273809341e-03 -5.956047895570083274e-03 9.999579639141012999e-01
1.629542091587009907e+09 -4.701254000000000266e-01 -2.099489000000000161e+00 1.317556999999999903e+02 -1.655630353352917621e-03 6.939357542112278843e-03 -5.457560351340662481e-03 9.999596588063177638e-01
1.629542091691139936e+09 -4.656936999999999882e-01 -2.127702000000000204e+00 1.331097000000000037e+02 -1.843293914188979480e-03 6.928385840932249629e-03 -4.419200905732168817e-03 9.999645345713715772e-01
1.629542091795259953e+09 -4.651027999999999829e-01 -2.162932000000000077e+00 1.344613999999999976e+02 -2.101361057627839073e-03 6.766848349076259872e-03 -3.585719668877822286e-03 9.999684678326522524e-01
1.629542091899389982e+09 -4.661197000000000257e-01 -2.198388000000000009e+00 1.358146000000000129e+02 -1.915220435573335893e-03 6.497247523840954386e-03 -2.830827258637551649e-03 9.999730516980588346e-01
1.629542092003389835e+09 -4.644952999999999999e-01 -2.226309000000000093e+00 1.371605999999999881e+02 -1.873314148049806411e-03 5.870985916817894612e-03 -2.035362836167672624e-03 9.999789395365245026e-01
1.629542092107509851e+09 -4.645722999999999936e-01 -2.254853999999999914e+00 1.385124000000000137e+02 -2.375752648265854697e-03 5.335933694841865638e-03 -1.408565948176663564e-03 9.999819496135557984e-01
1.629542092211639881e+09 -4.641807000000000016e-01 -2.281749000000000027e+00 1.398625999999999863e+02 -2.529316589116183990e-03 4.826779184513019239e-03 -6.262474327360677056e-04 9.999849561740659087e-01
1.629542092315759897e+09 -4.674418000000000184e-01 -2.314865999999999868e+00 1.412128999999999905e+02 -2.483852909058640798e-03 4.177016089217500117e-03 -2.530707207229234952e-04 9.999881594131636575e-01
1.629542092419889927e+09 -4.704574000000000256e-01 -2.341886000000000134e+00 1.425621999999999900e+02 -2.252955494186936660e-03 3.550827146593937833e-03 -1.226382567880804646e-04 9.999911503498288834e-01
1.629542092524019957e+09 -4.747020000000000128e-01 -2.367455000000000087e+00 1.439098999999999933e+02 -2.002929294537617901e-03 3.030710795404845115e-03 6.702147151045677147e-05 9.999933992654341797e-01
1.629542092628139973e+09 -4.789012999999999742e-01 -2.395023999999999820e+00 1.452578000000000031e+02 -1.114027762957778408e-03 2.538423970102621219e-03 8.842994955680904276e-04 9.999957666711863924e-01
1.629542092732270002e+09 -4.813925000000000010e-01 -2.426593000000000000e+00 1.466011000000000024e+02 -3.890827900544450014e-04 1.975138618241611965e-03 3.648570763594005152e-03 9.999913176490106137e-01
1.629542092836390018e+09 -4.844149999999999845e-01 -2.462969000000000186e+00 1.479538000000000011e+02 -1.794212415036482502e-03 1.414100779133731223e-03 7.045495775091108193e-03 9.999725706788558099e-01
1.629542092940519810e+09 -4.832843000000000000e-01 -2.489365999999999968e+00 1.493029999999999973e+02 -2.264638580675329676e-03 6.847370774820671357e-04 1.086452193212823075e-02 9.999381804443810973e-01
1.629542093044639826e+09 -4.887986000000000275e-01 -2.518616999999999884e+00 1.506480999999999995e+02 -1.055768885660997129e-03 7.985225940099205388e-05 1.252564208883289940e-02 9.999209905117197872e-01
1.629542093148779869e+09 -4.979854000000000225e-01 -2.545627999999999780e+00 1.519917000000000087e+02 9.446700352431235169e-04 1.785130988902761118e-04 1.256742823898404637e-02 9.999205645845351542e-01
1.629542093253019810e+09 -5.139896999999999938e-01 -2.581792000000000087e+00 1.533372999999999990e+02 1.829202489164618575e-03 6.047000999389595677e-04 1.079550165203479843e-02 9.999398709423098497e-01
1.629542093357159853e+09 -5.203404999999999836e-01 -2.611885000000000012e+00 1.546843000000000075e+02 1.825609827965458303e-03 9.815511947609545373e-04 1.066835728318428315e-02 9.999409431855895702e-01
1.629542093461259842e+09 -5.188374000000000041e-01 -2.641449000000000158e+00 1.560329000000000121e+02 2.554410115657525563e-04 1.301666609147433817e-03 1.203090637035096437e-02 9.999267461698559956e-01
1.629542093565389872e+09 -5.104870000000000241e-01 -2.666163000000000061e+00 1.573829000000000065e+02 -1.365403093015257231e-03 1.561223053214710887e-03 1.475559307762994675e-02 9.998889792021408152e-01
1.629542093669639826e+09 -4.996047000000000127e-01 -2.689150000000000151e+00 1.587318999999999960e+02 -1.721067290600476578e-03 1.564555887483498609e-03 1.683323603464592644e-02 9.998556057035729028e-01
1.629542093773769855e+09 -4.908893999999999758e-01 -2.711383000000000099e+00 1.600785999999999945e+02 -1.905426568111951357e-03 1.537433557480261115e-03 1.773112349715237623e-02 9.998397936205474235e-01
1.629542093877889872e+09 -4.848759000000000263e-01 -2.736779999999999990e+00 1.614290000000000020e+02 -2.091651713491001884e-03 1.946705920510272136e-03 1.695399117154724675e-02 9.998521878320437706e-01
1.629542093982019901e+09 -4.836516000000000148e-01 -2.760603999999999836e+00 1.627787999999999897e+02 -1.916851803570713024e-03 2.550872169473916706e-03 1.498539138619233921e-02 9.998826214988143501e-01
1.629542094086259842e+09 -4.767802999999999902e-01 -2.787253999999999898e+00 1.641295000000000073e+02 -7.195675622453292369e-04 3.005991313112632568e-03 1.327080477542637305e-02 9.999071616802039930e-01
1.629542094190389872e+09 -4.687839999999999785e-01 -2.810667000000000026e+00 1.654807000000000130e+02 -2.987814703056660185e-04 3.378911145355711909e-03 1.185142779696026979e-02 9.999240157873386936e-01
1.629542094294519901e+09 -4.599264000000000130e-01 -2.835557999999999801e+00 1.668389999999999986e+02 -9.726779756120291229e-04 3.583497296774651453e-03 1.084771822628132279e-02 9.999342675666050839e-01
1.629542094398639917e+09 -4.494839999999999947e-01 -2.861985999999999919e+00 1.681999999999999886e+02 -8.779352658647611310e-04 3.468695617647621354e-03 1.002847106479359297e-02 9.999433119674753234e-01
1.629542094502789974e+09 -4.424437999999999982e-01 -2.886559999999999793e+00 1.695602000000000089e+02 3.263348080958947345e-04 3.214395691721994019e-03 9.067965206983826659e-03 9.999536655130250029e-01
1.629542094606889963e+09 -4.389717000000000202e-01 -2.914239999999999942e+00 1.709198000000000093e+02 1.776912270865194706e-03 2.953629306238547692e-03 7.322820000795156326e-03 9.999672469455880286e-01
1.629542094711139917e+09 -4.111542999999999726e-01 -2.932730999999999977e+00 1.722840999999999951e+02 2.424331127132013739e-03 2.858363966991017691e-03 4.873669349965379337e-03 9.999810996819319397e-01
1.629542094815269947e+09 -3.881120000000000125e-01 -2.960770999999999820e+00 1.736528000000000134e+02 1.998054680777431799e-03 3.013382815850174090e-03 2.577619633633871244e-03 9.999901415406663441e-01
1.629542094919389963e+09 -3.779300999999999910e-01 -2.986448000000000214e+00 1.750290999999999997e+02 7.559003494431925860e-04 3.282944203208737477e-03 9.165413101060652760e-04 9.999939054034515662e-01
1.629542095023519993e+09 -3.588781999999999806e-01 -3.008538999999999852e+00 1.764086000000000070e+02 -2.325993452402401777e-04 3.348201954095020305e-03 7.380306055877585217e-04 9.999940953585898518e-01
1.629542095127640009e+09 -3.405308000000000224e-01 -3.013913000000000064e+00 1.777852000000000032e+02 -9.020544123185085528e-04 2.956720836640225336e-03 2.167145196823922707e-03 9.999928737653220878e-01
1.629542095231769800e+09 -3.214041999999999732e-01 -3.022952999999999779e+00 1.791606999999999914e+02 -8.286520362803666577e-04 2.118859488295044002e-03 3.444673575912498772e-03 9.999914789608090882e-01
1.629542095335909843e+09 -3.136545000000000027e-01 -3.041122999999999799e+00 1.805420000000000016e+02 1.222935521154475775e-03 1.080611164518963108e-03 3.655999817014518594e-03 9.999919851546612559e-01
1.629542095440019846e+09 -3.089994999999999825e-01 -3.062100000000000044e+00 1.819214000000000055e+02 3.475003467965140976e-03 3.272777140421734288e-04 3.125750737185386142e-03 9.999890234010195833e-01
1.629542095544149876e+09 -3.140564000000000133e-01 -3.088157999999999959e+00 1.833097999999999956e+02 3.934415207601221071e-03 3.522959626245381060e-05 7.361496739477111848e-04 9.999919885776623607e-01
1.629542095648399830e+09 -3.186557999999999891e-01 -3.114466000000000179e+00 1.847039000000000044e+02 -3.238206100520911890e-03 2.072911950967704087e-05 1.296690704523241694e-03 -9.999939160738785526e-01
1.629542095752519846e+09 -3.141304999999999792e-01 -3.137554999999999872e+00 1.860994000000000028e+02 1.702540435685532139e-03 1.203765028059411435e-04 -2.151569924875791281e-03 9.999962287990996623e-01
1.629542095856639862e+09 -3.087276999999999938e-01 -3.164477999999999902e+00 1.874987999999999886e+02 6.149178958050727879e-04 3.272103984426344425e-04 -2.545321881611897329e-03 9.999965180668656251e-01
1.629542095960769892e+09 -3.089327000000000045e-01 -3.193944999999999812e+00 1.889002999999999872e+02 2.077796033370826636e-04 3.670061614406971984e-04 -2.224290760541606550e-03 9.999974373290795304e-01
1.629542096064889908e+09 -3.070210999999999912e-01 -3.221858000000000111e+00 1.903048000000000002e+02 -1.822148942955961954e-04 3.375057702039718777e-04 -1.477068528114434780e-03 9.999988355773974380e-01
1.629542096169009924e+09 -3.030042000000000013e-01 -3.250529999999999919e+00 1.917127999999999872e+02 -4.002577302062315266e-04 3.315780207691076953e-04 -1.834954551296697010e-04 9.999998480895798680e-01
1.629542096273139954e+09 -3.007558000000000176e-01 -3.281162000000000134e+00 1.931212999999999909e+02 -4.045390929012830585e-04 5.202297200505023866e-04 1.148183539539293120e-03 9.999991236914762549e-01
1.629542096377290010e+09 -2.979338000000000264e-01 -3.314134999999999831e+00 1.945397000000000105e+02 -8.845539094594376088e-04 6.871220664884658547e-04 2.646564893874382186e-03 9.999958705524290004e-01
1.629542096481389999e+09 -2.945301000000000169e-01 -3.344374999999999876e+00 1.959592000000000098e+02 -1.785975219851623861e-03 8.941683227792207589e-04 4.682767702861990837e-03 9.999870411371166723e-01
1.629542096585520029e+09 -2.955048000000000119e-01 -3.384557000000000038e+00 1.973808999999999969e+02 -1.802236539785264042e-03 1.010237093699739575e-03 6.400760050433207220e-03 9.999773805618032974e-01
1.629542096689639807e+09 -2.998637000000000108e-01 -3.419364999999999988e+00 1.988010999999999910e+02 3.081208524661871017e-04 1.115009468476646504e-03 5.472165716890064861e-03 9.999843584865678592e-01
1.629542096793789864e+09 -3.150033999999999890e-01 -3.471363000000000198e+00 2.002241999999999962e+02 3.113364436991753088e-03 1.346029539895821081e-03 2.206589081012380518e-03 9.999918130319808141e-01
1.629542096898020029e+09 -3.321987000000000134e-01 -3.515079000000000065e+00 2.016572999999999922e+02 3.363154705407223229e-03 1.941804096281529723e-03 -2.462335386494140035e-03 9.999894276899748968e-01
1.629542097002139807e+09 -3.485808000000000240e-01 -3.555575999999999848e+00 2.030947999999999922e+02 1.246145965692196933e-03 2.659844739291372662e-03 -6.592502030264169727e-03 9.999739552924248320e-01
1.629542097106269836e+09 -3.518432000000000226e-01 -3.580327000000000037e+00 2.045324999999999989e+02 4.702333890606558527e-05 3.045056577544058563e-03 -7.330833431952624851e-03 9.999684916538310597e-01
1.629542097210389853e+09 -3.481358999999999981e-01 -3.604083000000000148e+00 2.059704000000000121e+02 7.007755905797927230e-05 2.778762461014272489e-03 -6.313097462585028595e-03 9.999762089013665145e-01
1.629542097314519882e+09 -3.438313000000000064e-01 -3.628674000000000177e+00 2.074182999999999879e+02 4.565371692922103871e-05 2.195383695183461548e-03 -4.767632512995992854e-03 9.999862238483037125e-01
1.629542097418639898e+09 -3.421980000000000022e-01 -3.650885999999999854e+00 2.088678999999999917e+02 8.382223073659108659e-05 1.632986533149582975e-03 -3.528244604185722978e-03 9.999924388808294484e-01
1.629542097522650003e+09 -3.429637999999999853e-01 -3.674360000000000070e+00 2.103232000000000141e+02 5.223886594729442844e-04 1.375132925280464491e-03 -3.709915078550004002e-03 9.999920362931076223e-01
1.629542097626770020e+09 -3.479510000000000103e-01 -3.708944999999999936e+00 2.117848999999999933e+02 4.531545910711972411e-04 1.321956780096722461e-03 -4.432433137367454597e-03 9.999892002505182953e-01
1.629542097730899811e+09 -3.533161000000000218e-01 -3.741769000000000123e+00 2.132452999999999861e+02 -3.677864299680805950e-05 1.262079872672239311e-03 -5.058151167490062931e-03 9.999864103619073852e-01
1.629542097835019827e+09 -3.575808999999999793e-01 -3.778064999999999785e+00 2.147142000000000053e+02 3.124355126282190887e-05 1.143980963362434267e-03 -4.764119919144754918e-03 9.999879966743562276e-01
1.629542097939139843e+09 -3.574839000000000211e-01 -3.809987000000000013e+00 2.161863999999999919e+02 7.320398605213608492e-04 9.443932075643424184e-04 -4.554109420306337239e-03 9.999889161018236106e-01
1.629542098043269873e+09 -3.559811999999999976e-01 -3.837086999999999914e+00 2.176614999999999895e+02 7.801458303394086594e-04 8.471062016358610336e-04 -4.178986453987025042e-03 9.999906048837577943e-01
1.629542098147389889e+09 -3.604881999999999809e-01 -3.867618999999999918e+00 2.191418999999999926e+02 6.078652479150423041e-04 6.230163858824688816e-04 -4.355119237681248992e-03 9.999901375947907178e-01
1.629542098251519918e+09 -3.669046999999999725e-01 -3.899694000000000216e+00 2.206192000000000064e+02 8.813641321185640681e-04 4.508182061445653588e-04 -4.371464663380173962e-03 9.999899550780038116e-01
1.629542098355649948e+09 -3.711882000000000237e-01 -3.933170000000000055e+00 2.221052999999999997e+02 1.016741943273256855e-03 3.513334683630242594e-04 -4.396790921579760668e-03 9.999897554626280272e-01
1.629542098459649801e+09 -3.755067999999999739e-01 -3.961695999999999884e+00 2.235894000000000119e+02 9.874408283240645231e-04 1.789038513937413200e-04 -4.946237557781225751e-03 9.999872637629162453e-01
1.629542098563769817e+09 -3.771502999999999939e-01 -3.990502999999999911e+00 2.250789000000000044e+02 1.190014601682381958e-03 7.203996108207100235e-06 -4.767685168613913435e-03 9.999879264228562770e-01
1.629542098667889833e+09 -3.787707000000000157e-01 -4.017066999999999943e+00 2.265690999999999917e+02 -1.133098785644321435e-03 1.245410981804973005e-04 5.019266559530935132e-03 -9.999867536821984704e-01
1.629542098772029877e+09 -3.785265999999999909e-01 -4.048136000000000401e+00 2.280602000000000089e+02 -1.064629401008535285e-03 1.777062874248613866e-04 4.547542533404058673e-03 -9.999890773611584960e-01
1.629542098876139879e+09 -3.786613999999999813e-01 -4.075078000000000422e+00 2.295510999999999910e+02 -1.382897946781072931e-03 1.234227419029121364e-04 3.920366037737667807e-03 -9.999913515077147874e-01
1.629542098980269909e+09 -3.766086000000000156e-01 -4.099044000000000132e+00 2.310454000000000008e+02 -1.207601900209097356e-03 4.045271719677057121e-05 3.354542519767141507e-03 -9.999936435326530759e-01
1.629542099084399939e+09 -3.745701000000000169e-01 -4.124994000000000050e+00 2.325421000000000049e+02 8.330125238556082513e-04 5.855538701926565892e-05 -2.560121767577587699e-03 9.999963742123952892e-01
1.629542099188419819e+09 -3.739625999999999784e-01 -4.153623999999999761e+00 2.340378000000000043e+02 6.156457829737255194e-04 5.396852646100125384e-05 -2.480892129319291119e-03 9.999967316156143093e-01
1.629542099292519808e+09 -3.764692000000000038e-01 -4.186333000000000304e+00 2.355389999999999873e+02 6.948626499315967977e-04 1.196533788216935790e-05 -2.668989570734973688e-03 9.999961967514675587e-01
1.629542099396639824e+09 -3.784077000000000135e-01 -4.220226000000000255e+00 2.370446000000000026e+02 1.312294358968298970e-03 1.221280126378898601e-04 -3.013949792286490029e-03 9.999945895228203874e-01
1.629542099500649929e+09 -3.814943000000000084e-01 -4.253314999999999735e+00 2.385499000000000080e+02 9.151767997021673009e-04 3.873569668871867933e-04 -3.650052245195416038e-03 9.999928447367074646e-01
1.629542099604769945e+09 -3.829064999999999830e-01 -4.285388000000000197e+00 2.400603000000000122e+02 -2.973425001888768356e-04 7.096916081390514108e-04 -3.807768268869363409e-03 9.999924543845664093e-01
1.629542099708899975e+09 -3.820923999999999987e-01 -4.315102999999999689e+00 2.415712000000000046e+02 -4.898144900564580699e-04 9.656887847963036009e-04 -3.673091660340718594e-03 9.999926679354159686e-01
1.629542099813019991e+09 -3.818796999999999886e-01 -4.347138000000000169e+00 2.430872999999999990e+02 3.068067852339249912e-04 1.203292588683457787e-03 -3.797847108027976350e-03 9.999920171250802348e-01
1.629542099917019844e+09 -3.796393000000000129e-01 -4.377646000000000370e+00 2.446020000000000039e+02 9.892046453016619702e-04 1.478952163070923476e-03 -3.781066169132843175e-03 9.999912688185298437e-01
1.629542100021149874e+09 -3.770780000000000243e-01 -4.404696000000000389e+00 2.461230999999999938e+02 7.615695256296119110e-04 1.633507689959623477e-03 -4.295915082651264282e-03 9.999891483301641681e-01
1.629542100125360012e+09 -3.721572000000000213e-01 -4.432021999999999906e+00 2.476476999999999862e+02 2.917026342837253350e-04 1.664617476630825266e-03 -4.050397438044338501e-03 9.999903690730344019e-01
1.629542100229419947e+09 -3.683885000000000076e-01 -4.458218999999999710e+00 2.491682000000000130e+02 -7.818237137850610446e-05 1.510976616391546123e-03 -4.089973660252817916e-03 9.999904914311136261e-01
1.629542100333479881e+09 -3.658944000000000085e-01 -4.487063000000000024e+00 2.506964000000000112e+02 -2.432359686001761784e-04 1.398038290454817201e-03 -4.253295526992682818e-03 9.999899478506583117e-01
1.629542100437539816e+09 -3.629857000000000222e-01 -4.511300999999999561e+00 2.522240999999999929e+02 -2.911157265019957631e-04 1.418333588511178078e-03 -4.986214606028947609e-03 9.999865205318355654e-01
1.629542100541649818e+09 -3.598898999999999848e-01 -4.535745000000000360e+00 2.537570000000000050e+02 -3.064991668644601909e-04 1.520480117060185599e-03 -5.476158794321546973e-03 9.999838028104925947e-01
1.629542100645649910e+09 -3.565283000000000202e-01 -4.558441000000000187e+00 2.552884999999999991e+02 -3.187927394371224059e-04 1.464151561790472122e-03 -5.776355480867665509e-03 9.999821940158495348e-01
1.629542100749650002e+09 -3.518993999999999733e-01 -4.584939999999999571e+00 2.568229999999999791e+02 -4.776560672044860849e-04 1.469889826390513576e-03 -4.987222311077961490e-03 9.999863693482025084e-01
1.629542100853770018e+09 -3.474488000000000021e-01 -4.611577999999999733e+00 2.583611999999999966e+02 -9.291134724988973958e-04 1.420889109108092185e-03 -4.238281850523538744e-03 9.999895773403090216e-01
1.629542100957870007e+09 -3.407994999999999775e-01 -4.637603999999999616e+00 2.599003000000000156e+02 -1.436945949810987042e-03 1.451756048925001430e-03 -2.826617933089849762e-03 9.999939188923960831e-01
1.629542101061779976e+09 -3.346776000000000195e-01 -4.662237000000000187e+00 2.614352000000000089e+02 -1.046978919219378407e-03 1.292831998077059730e-03 -2.057028238673078938e-03 9.999965005215731839e-01
1.629542101165899992e+09 -3.291337999999999764e-01 -4.686550999999999689e+00 2.629730999999999881e+02 -3.399565766519615151e-04 1.153257023076115217e-03 -1.444130275463763411e-03 9.999982344561975101e-01
1.629542101269909859e+09 -3.253737999999999908e-01 -4.715745000000000076e+00 2.645113000000000056e+02 -1.242717904257977044e-03 1.441250240875380229e-03 -4.695745941945673020e-04 9.999980789729817632e-01
1.629542101374019861e+09 -3.249045999999999879e-01 -4.748173000000000421e+00 2.660572000000000230e+02 -2.505664388618436371e-03 1.664733244897131925e-03 5.753596064783617851e-05 9.999954734891592922e-01
1.629542101478070021e+09 -3.208178999999999892e-01 -4.788371999999999851e+00 2.675980999999999881e+02 -2.002454121103900211e-03 1.731775456073503250e-03 1.029588925918645476e-03 9.999959655308148232e-01
1.629542101582129955e+09 -3.173943000000000181e-01 -4.824678999999999718e+00 2.691376999999999953e+02 -1.233505942172883740e-03 1.877235756372108710e-03 1.452034748797895701e-03 9.999964230156496159e-01
1.629542101686149836e+09 -3.166024000000000060e-01 -4.866051999999999822e+00 2.706770999999999958e+02 -1.193112270672479951e-03 2.199157844181676147e-03 9.663951997937183461e-04 9.999964031276332710e-01
1.629542101790149927e+09 -3.155942999999999943e-01 -4.906588000000000171e+00 2.722185000000000059e+02 -1.384854567690905602e-03 2.740231883253008149e-03 2.292724914819598220e-04 9.999952603593565970e-01
1.629542101894269943e+09 -3.140400999999999887e-01 -4.950218999999999703e+00 2.737649000000000115e+02 -1.177593928243726674e-03 3.219390533972577018e-03 -6.202615316709668989e-04 9.999939320179709323e-01
1.629542101998269796e+09 -3.112308999999999770e-01 -4.987625999999999671e+00 2.753072000000000230e+02 -1.135360096714060777e-03 3.699970018973597341e-03 -1.216505524010022109e-03 9.999917706129481942e-01
1.629542102102309942e+09 -3.114205999999999919e-01 -5.039836000000000205e+00 2.768534999999999968e+02 -9.560646772894428047e-04 4.095090674935519814e-03 -1.595295846107449992e-03 9.999898855507791673e-01
1.629542102206399918e+09 -3.062025999999999915e-01 -5.082754999999999690e+00 2.783951999999999884e+02 -6.546743560983990864e-04 4.513704704482535135e-03 -1.773097496262796436e-03 9.999880269266212540e-01
1.629542102310419798e+09 -3.011291999999999858e-01 -5.134135999999999811e+00 2.799451000000000249e+02 -4.244493079912779092e-04 4.967137910699359615e-03 -1.503291919584488984e-03 9.999864436566959780e-01
1.629542102414520025e+09 -2.897536000000000000e-01 -5.172037999999999691e+00 2.814957999999999743e+02 -5.052287197754321089e-04 5.386742505299801920e-03 -1.208781329493211496e-03 9.999846331803404764e-01
1.629542102518689871e+09 -2.764899000000000107e-01 -5.210036999999999807e+00 2.830498000000000047e+02 -1.160058062910654820e-03 5.760013460770263549e-03 -7.520026886889518824e-04 9.999824553471819977e-01
1.629542102622779846e+09 -2.599233000000000238e-01 -5.241690000000000182e+00 2.846005000000000109e+02 -1.367882869906452597e-03 5.932254902261457907e-03 -4.309036073288510733e-05 9.999814675239984130e-01
1.629542102726779938e+09 -2.447295999999999916e-01 -5.277598000000000233e+00 2.861453999999999951e+02 -1.886372964584203294e-04 5.963561418533713798e-03 2.880329500018973215e-04 9.999821585349399911e-01
1.629542102830879927e+09 -2.301583000000000101e-01 -5.316244000000000192e+00 2.876999000000000137e+02 1.096288325714544045e-03 5.785461874633690549e-03 7.525032918452849873e-04 9.999823800055677170e-01
1.629542102934919834e+09 -2.170805000000000096e-01 -5.355147999999999797e+00 2.892536000000000058e+02 1.246436830610069511e-03 5.364082004272630044e-03 5.926015742699587349e-04 9.999846608037809004e-01
1.629542103038899899e+09 -2.045250999999999875e-01 -5.390475000000000350e+00 2.908102999999999838e+02 9.104984359690765231e-04 5.009484724285528934e-03 1.396274746708623402e-03 9.999860631389954069e-01
1.629542103142899990e+09 -1.926926999999999945e-01 -5.424877999999999645e+00 2.923691999999999780e+02 1.216073838652080314e-03 4.502351367112078506e-03 1.346384895734019241e-03 9.999882185527481093e-01
1.629542103247020006e+09 -1.828270999999999924e-01 -5.462577999999999712e+00 2.939316000000000031e+02 1.350674272978199348e-03 4.222024358126463817e-03 1.211732561570655949e-03 9.999894408910159349e-01
1.629542103351019859e+09 -1.753107000000000137e-01 -5.502144000000000368e+00 2.955006999999999948e+02 1.096387408716248011e-03 3.867510603842938544e-03 1.190994472011439823e-03 9.999912108756489060e-01
1.629542103455029964e+09 -1.681708000000000092e-01 -5.542653999999999748e+00 2.970722999999999843e+02 9.425572203757832772e-04 3.442297915890346616e-03 1.413061187222113208e-03 9.999926326873742610e-01
1.629542103559149981e+09 -1.571664000000000116e-01 -5.573209000000000302e+00 2.986501999999999839e+02 5.535665488740617798e-04 2.924746286815604890e-03 1.735048081251833055e-03 9.999940644980794824e-01
1.629542103663169861e+09 -1.498300999999999938e-01 -5.605661999999999701e+00 3.002366999999999848e+02 -2.305801166388861628e-04 2.645972276397068335e-03 9.417677605351016225e-04 9.999960293606205974e-01
1.629542103767149925e+09 -1.436566999999999983e-01 -5.638055999999999734e+00 3.018211000000000013e+02 -5.177679755376284661e-04 2.961941398658018976e-03 6.775372464570472361e-04 9.999952498700954706e-01
1.629542103871150017e+09 -1.362308000000000130e-01 -5.674044999999999561e+00 3.034130000000000109e+02 -2.537911690092738712e-04 3.447553903695999011e-03 3.899952284240099814e-04 9.999939489146147942e-01
1.629542103975270033e+09 -1.245795999999999987e-01 -5.704926999999999637e+00 3.050095000000000027e+02 -2.720254828264014984e-05 3.638248053107973057e-03 1.032993918165268921e-03 9.999928476417668799e-01
1.629542104079269886e+09 -1.113075000000000037e-01 -5.740562999999999860e+00 3.066086000000000240e+02 4.109934732523277479e-04 3.725787288333615166e-03 1.893701656917791019e-03 9.999911817048594553e-01
1.629542104183279991e+09 -1.009904999999999969e-01 -5.775938000000000017e+00 3.082115999999999758e+02 1.380626002269703988e-03 3.875422471767531185e-03 2.719722274278692144e-03 9.999878389676833956e-01
1.629542104287419796e+09 -9.649989999999999957e-02 -5.821106000000000336e+00 3.098188999999999851e+02 1.873900028485927551e-03 3.876453712276406449e-03 2.850965028331469992e-03 9.999866667129654330e-01
1.629542104391399860e+09 -9.324941000000000479e-02 -5.863045999999999758e+00 3.114331000000000245e+02 2.328160592112000615e-03 2.816219704622424658e-03 2.580129901440409747e-03 9.999899957022193586e-01
1.629542104495399952e+09 -9.658434000000000463e-02 -5.907765999999999629e+00 3.130445000000000277e+02 2.119690584243121793e-03 1.743863725510830243e-03 2.114367493570352367e-03 9.999939976326038815e-01
1.629542104599399805e+09 -1.065230000000000066e-01 -5.952028999999999570e+00 3.146682000000000130e+02 5.417353874682159353e-04 1.541394685535713016e-03 1.243221856860315857e-03 9.999978925100833083e-01
1.629542104703490019e+09 -1.079810999999999965e-01 -5.990687999999999569e+00 3.162952999999999975e+02 -1.099988292050715953e-03 1.794040486116421640e-03 1.856514520113405117e-03 9.999960623914115887e-01
1.629542104807420015e+09 -1.086696000000000051e-01 -6.032426000000000066e+00 3.179241000000000099e+02 -1.521414810177735893e-03 1.898756169643522895e-03 2.380672280807135267e-03 9.999942061939535165e-01
1.629542104911399841e+09 -1.058419000000000026e-01 -6.068361999999999590e+00 3.195525000000000091e+02 -8.643087743075808819e-04 2.038882031324074084e-03 3.095669516257968344e-03 9.999927563540903508e-01
1.629542105015399933e+09 -1.039698000000000011e-01 -6.106844999999999857e+00 3.211822999999999979e+02 -8.818373355144947748e-04 2.209170376586633289e-03 3.480513727715241982e-03 9.999911139371947533e-01
1.629542105119549990e+09 -1.009179000000000048e-01 -6.143404000000000309e+00 3.228138999999999896e+02 -1.091279437807726174e-03 2.308396436966897447e-03 3.418102406655111180e-03 9.999908984540890611e-01
1.629542105223549843e+09 -9.883113000000000314e-02 -6.185281999999999947e+00 3.244397000000000162e+02 -9.901232484850219263e-04 2.552842793521303832e-03 3.485584005320307033e-03 9.999901766286340976e-01
1.629542105327529907e+09 -9.648437999999999459e-02 -6.224088000000000065e+00 3.260681999999999903e+02 -6.898177439952686172e-04 2.793207426273869309e-03 2.764024616712576748e-03 9.999920411241643992e-01
1.629542105431659937e+09 -9.411052000000000306e-02 -6.268818999999999697e+00 3.276976000000000226e+02 -3.110847617041966160e-04 3.128172798007256006e-03 2.369002088270952874e-03 9.999922527651514681e-01
1.629542105535650015e+09 -8.496955999999999953e-02 -6.305428000000000033e+00 3.293242000000000189e+02 -1.207544663557908338e-03 3.551596667514811401e-03 2.929351226578485751e-03 9.999886733850482656e-01
1.629542105639649868e+09 -7.442717999999999556e-02 -6.342113000000000334e+00 3.309508000000000152e+02 -1.762481558654363425e-03 3.618030463679589026e-03 3.377059338335144153e-03 9.999861993970439178e-01
1.629542105743669987e+09 -6.421230999999999467e-02 -6.372244000000000241e+00 3.325693999999999733e+02 -1.030725931869445021e-03 3.465463970665494386e-03 3.990755466195583349e-03 9.999855009120534044e-01
1.629542105847779989e+09 -5.844894999999999952e-02 -6.413496999999999559e+00 3.341893000000000029e+02 -1.083525113222697390e-03 3.471297629644709559e-03 3.588195488838464252e-03 9.999869503744687194e-01
1.629542105951779842e+09 -5.434960999999999959e-02 -6.450779999999999959e+00 3.358023999999999774e+02 -4.084558180248239363e-04 3.417665272241521279e-03 2.392342282875461763e-03 9.999912146745755237e-01
1.629542106055779934e+09 -4.949748000000000342e-02 -6.492550999999999739e+00 3.374096999999999866e+02 1.747335309575697576e-03 3.051543153157254551e-03 1.791325640058550077e-03 9.999922129977572016e-01
1.629542106159780025e+09 -4.548042000000000057e-02 -6.532187999999999661e+00 3.390210999999999899e+02 1.181212976416532107e-03 2.615890632659101378e-03 1.000186381638391809e-03 9.999953807289831964e-01
1.629542106263899803e+09 -4.257007000000000152e-02 -6.571397000000000155e+00 3.406286999999999807e+02 -5.322985053182534461e-04 2.181536615238344190e-03 7.299915654288247849e-04 9.999972123304203819e-01
1.629542106367899895e+09 -3.930295999999999790e-02 -6.601810999999999652e+00 3.422461999999999875e+02 -2.156575235756671548e-03 1.650016074153271006e-03 1.377741649999108555e-04 9.999963038174128904e-01
1.629542106472029924e+09 -3.681003000000000053e-02 -6.628917999999999644e+00 3.438528000000000020e+02 -1.528133340196676264e-03 1.045691513748892021e-03 -1.047189801142388424e-04 9.999982801843647628e-01
1.629542106576020002e+09 -3.514658999999999839e-02 -6.652782000000000195e+00 3.454524999999999864e+02 -5.087148150610131024e-04 1.359412660753012148e-04 2.219862054819126524e-04 9.999998367256536236e-01
1.629542106680169821e+09 -3.454789999999999944e-02 -6.677643999999999913e+00 3.470554000000000201e+02 1.291406819479109071e-03 8.119728602220543934e-04 -7.208787637396727333e-04 -9.999985766501413575e-01
1.629542106784149885e+09 -3.707175000000000054e-02 -6.708152000000000115e+00 3.486551000000000045e+02 1.725044377766751921e-03 1.310103850480914822e-03 -1.533568656752389795e-03 -9.999964780022833066e-01
1.629542106888279915e+09 -4.156332000000000082e-02 -6.737238999999999756e+00 3.502531999999999925e+02 1.247658430101636177e-03 1.526673654381749401e-03 -1.672904117668954456e-03 -9.999966569983163023e-01
1.629542106992399931e+09 -5.261017999999999945e-02 -6.773058999999999941e+00 3.518478000000000065e+02 7.976714115605274252e-04 1.635240237948032416e-03 -2.004447102086433403e-03 -9.999963359440364741e-01
1.629542107096529961e+09 -6.277075000000000016e-02 -6.805862000000000300e+00 3.534463999999999828e+02 8.263096374037237754e-04 1.645466706816978153e-03 -2.037041450269456554e-03 -9.999962300498086432e-01
1.629542107200539827e+09 -7.506606000000000389e-02 -6.843563999999999758e+00 3.550378999999999792e+02 7.390351362056426588e-04 1.629976317873982339e-03 -2.284176394205823975e-03 -9.999957897623720227e-01
1.629542107304649830e+09 -8.570355999999999808e-02 -6.882551999999999559e+00 3.566308000000000220e+02 4.382668775878444437e-04 1.645664463151841339e-03 -2.608648631376509104e-03 -9.999951473196941887e-01
1.629542107408649921e+09 -9.729988999999999999e-02 -6.921763000000000332e+00 3.582217999999999734e+02 1.077342771591443041e-04 1.708719992607243832e-03 -2.701066749979885284e-03 -9.999948864407881555e-01
1.629542107512779951e+09 -1.091014000000000012e-01 -6.958714999999999762e+00 3.598125000000000000e+02 2.863580552311038819e-04 1.672053891700442385e-03 -2.949148398677703224e-03 -9.999942123625364943e-01
1.629542107616979837e+09 -1.223014000000000046e-01 -6.995935000000000237e+00 3.614037000000000148e+02 -2.152900994005780535e-04 1.635483553127037304e-03 -2.734034017208791887e-03 -9.999949019378615578e-01
1.629542107720899820e+09 -1.322205999999999937e-01 -7.034017000000000408e+00 3.629889999999999759e+02 -8.263126430637661359e-04 1.602595841775245056e-03 -3.494198191578264546e-03 -9.999922697066121469e-01
1.629542107825049877e+09 -1.419951999999999881e-01 -7.072716999999999921e+00 3.645867000000000075e+02 -8.511596726742891414e-05 1.542456058975627542e-03 -4.171844052761868732e-03 -9.999901046019294970e-01
1.629542107929149866e+09 -1.552998999999999907e-01 -7.112397999999999776e+00 3.661838000000000193e+02 4.920984269740221687e-04 1.605401299074049604e-03 -5.004454679107723375e-03 -9.999860678825338578e-01
1.629542108033289909e+09 -1.668614999999999959e-01 -7.146884000000000015e+00 3.677810999999999808e+02 1.429506736873504310e-04 1.580821709570412459e-03 -5.279112672828185394e-03 -9.999848056531736029e-01
1.629542108137799978e+09 -1.858911000000000036e-01 -7.188290000000000290e+00 3.693865999999999872e+02 -2.950820247867738211e-04 1.394448999712749604e-03 -4.721895558999458092e-03 -9.999878359964764485e-01
1.629542108241410017e+09 -2.029185000000000016e-01 -7.225081000000000309e+00 3.709753000000000043e+02 3.316114401337082272e-04 1.152511056111915622e-03 -3.717883680067533923e-03 -9.999923695174177674e-01
1.629542108347929955e+09 -2.229981000000000047e-01 -7.268839999999999968e+00 3.726154000000000224e+02 4.797812428840941639e-04 9.013061534002275721e-04 -3.050506521954349237e-03 -9.999948259201828504e-01
1.629542108452579975e+09 -2.378134000000000081e-01 -7.306808000000000192e+00 3.742253000000000043e+02 3.543727576119311317e-04 7.166544078760495040e-04 -2.849484290663428440e-03 -9.999956206232533118e-01
1.629542108553659916e+09 -2.519893000000000272e-01 -7.344935999999999687e+00 3.757810999999999808e+02 -4.429396156432266333e-05 6.001164427263949719e-04 -2.939702496733865612e-03 -9.999954980136316340e-01
1.629542108657819986e+09 -2.625877999999999823e-01 -7.379336000000000340e+00 3.773872999999999820e+02 -1.670954796636010191e-04 4.594133191290206142e-04 -2.858910565880374340e-03 -9.999957938155937809e-01
1.629542108761919975e+09 -2.704012000000000082e-01 -7.414418000000000397e+00 3.789929000000000201e+02 -1.941062036343221473e-04 3.469821381885118683e-04 -2.667857223706781005e-03 -9.999963622253885687e-01
1.629542108866060019e+09 -2.783585000000000087e-01 -7.448411000000000115e+00 3.806071000000000026e+02 -1.348947742226852434e-04 1.909611195357596714e-04 -2.091631623091436999e-03 -9.999977852047493565e-01
1.629542108970139980e+09 -2.877925000000000066e-01 -7.485057000000000293e+00 3.822201999999999771e+02 2.259778184830111929e-04 2.810315754275816147e-05 -1.445689574396123982e-03 -9.999989290623728655e-01
1.629542109074699879e+09 -2.960865999999999776e-01 -7.522078999999999738e+00 3.838408000000000015e+02 8.139082908479241553e-05 1.056553123345294054e-04 8.692613109431787275e-04 9.999996132985559116e-01
1.629542109178409815e+09 -3.039651999999999910e-01 -7.558709000000000344e+00 3.854511999999999716e+02 3.739416307168490585e-04 2.404848476296184145e-04 4.372817187933795567e-04 9.999998055596778235e-01
1.629542109282529831e+09 -3.110173999999999994e-01 -7.596747999999999834e+00 3.870677999999999770e+02 3.262807098425487000e-04 4.036686404914613391e-04 6.410785708242429392e-05 9.999998632413455990e-01
1.629542109386539936e+09 -3.164538000000000073e-01 -7.631598000000000326e+00 3.886856999999999971e+02 -1.332792436387260381e-04 5.303851660641845100e-04 -5.583424357536819187e-04 9.999996945909248591e-01
1.629542109490669966e+09 -3.206582000000000043e-01 -7.664429000000000158e+00 3.903059000000000083e+02 -4.920893647107360287e-04 7.256467333205396386e-04 -1.120977405244899267e-03 9.999989873467534096e-01
1.629542109595229864e+09 -3.238002999999999854e-01 -7.696195000000000341e+00 3.919359000000000037e+02 -1.585640855693473520e-04 9.195500970184955492e-04 -1.451831431828751792e-03 9.999985107341625712e-01
1.629542109698939800e+09 -3.237896000000000107e-01 -7.731690999999999647e+00 3.935579000000000178e+02 -2.307596320122130222e-04 1.045534989050134200e-03 -1.462969937709678947e-03 9.999983566614195629e-01
